d = [2; 4; 6; 8; 10; 12; 14; 16; 18; 20; 22; 24; 26; 28; 30; 32; 34; 36; 38; 40; 42; 44; 46; 48; 50; 52; 54; 56; 58; 60; 62; 64; 66; 68; 70; 72; 74; 76; 78; 80; 82; 84; 86; 88; 90; 92; 94; 96; 98; 100; 102; 104; 106; 108; 110; 112; 114; 116; 118; 120; 122; 124; 126; 128; 130; 132; 134; 136; 138; 140; 142; 144; 146; 148; 150; 152; 154; 156; 158; 160; 162; 164; 166; 168; 170; 172; 174; 176; 178; 180; 182; 184; 186; 188; 190; 192; 194; 196; 198; 200; 202; 204; 206; 208; 210; 212; 214; 216; 218; 220; 222; 224; 226; 228; 230; 232; 234; 236; 238; 240; 242; 244; 246; 248; 250; 252; 254; 256; 258; 260; 262; 264; 266; 268; 270; 272; 274; 276; 278; 280; 282; 284; 286; 288; 290; 292; 294; 296; 298; 300];
y_bubble = [4.775e-08; 1.4275e-07; 3.01291e-07; 3.75042e-07; 6.57083e-07; 9.41667e-07; 1.21425e-06; 1.31738e-06; 1.54279e-06; 1.83442e-06; 1.99817e-06; 2.29429e-06; 2.87392e-06; 2.79108e-06; 3.273e-06; 3.65871e-06; 4.19279e-06; 4.47325e-06; 4.97775e-06; 5.62071e-06; 5.99033e-06; 6.52479e-06; 7.32875e-06; 7.75458e-06; 8.51958e-06; 8.95679e-06; 1.00204e-05; 1.03531e-05; 1.12076e-05; 1.18993e-05; 1.26661e-05; 1.33845e-05; 1.41881e-05; 1.48615e-05; 1.58381e-05; 1.66471e-05; 1.86598e-05; 1.90965e-05; 2.04453e-05; 2.01607e-05; 2.07467e-05; 2.16048e-05; 2.2679e-05; 2.40898e-05; 2.50049e-05; 2.61632e-05; 2.72655e-05; 2.86237e-05; 2.86428e-05; 3.02769e-05; 3.15251e-05; 3.30101e-05; 3.32902e-05; 3.46231e-05; 3.65879e-05; 3.77286e-05; 3.91662e-05; 4.00422e-05; 4.1525e-05; 4.2841e-05; 4.33605e-05; 4.47837e-05; 4.6881e-05; 4.8561e-05; 5.0085e-05; 5.13605e-05; 5.30341e-05; 5.33219e-05; 5.4521e-05; 5.83137e-05; 6.01691e-05; 6.06026e-05; 6.21823e-05; 6.23698e-05; 6.64556e-05; 6.74144e-05; 6.87211e-05; 9.26465e-05; 7.15171e-05; 7.35452e-05; 7.49674e-05; 7.78327e-05; 7.93658e-05; 7.95326e-05; 8.4234e-05; 8.41114e-05; 8.81753e-05; 8.7914e-05; 9.12756e-05; 9.28989e-05; 9.47153e-05; 9.4601e-05; 9.87567e-05; 0.000101755; 0.000102965; 0.000103339; 0.000106986; 0.000108971; 0.000111605; 0.000112334; 0.000115783; 0.000117888; 0.000117879; 0.000122384; 0.000124631; 0.000124034; 0.000128832; 0.000131743; 0.000130749; 0.000136015; 0.000138744; 0.000137601; 0.000144124; 0.000146029; 0.000170394; 0.000150441; 0.000152658; 0.000156376; 0.000162132; 0.000158969; 0.000164173; 0.00016452; 0.000169134; 0.000171428; 0.000172684; 0.000177037; 0.000175887; 0.000181195; 0.000182282; 0.000186682; 0.000189773; 0.000191719; 0.000194543; 0.000195778; 0.000201445; 0.000201164; 0.000208469; 0.00020825; 0.000215941; 0.000214694; 0.000221968; 0.000221576; 0.000227414; 0.000228676; 0.000287905; 0.000236367; 0.000238663; 0.000241721; 0.000240643; 0.000249939];
y_inser = [3.1458e-08; 1.05208e-07; 1.8325e-07; 2.29625e-07; 3.38125e-07; 4.10958e-07; 4.56166e-07; 5.39375e-07; 5.63208e-07; 6.15209e-07; 6.54291e-07; 7.21458e-07; 1.03567e-06; 8.5575e-07; 9.68584e-07; 1.06938e-06; 1.274e-06; 1.29479e-06; 1.53442e-06; 1.58e-06; 1.74679e-06; 1.81108e-06; 1.97117e-06; 2.16008e-06; 2.26979e-06; 2.46471e-06; 2.77846e-06; 2.8945e-06; 2.94542e-06; 3.22863e-06; 3.5035e-06; 3.63354e-06; 3.70188e-06; 4.11817e-06; 4.1565e-06; 4.94521e-06; 4.69329e-06; 5.101e-06; 5.30117e-06; 5.52325e-06; 5.45125e-06; 5.89125e-06; 6.02717e-06; 6.60858e-06; 6.59983e-06; 6.84288e-06; 7.32062e-06; 7.53621e-06; 7.77621e-06; 8.45446e-06; 8.589e-06; 8.56029e-06; 8.95692e-06; 9.17442e-06; 9.54146e-06; 1.01125e-05; 1.04039e-05; 1.07013e-05; 1.10148e-05; 1.15312e-05; 1.15857e-05; 1.18878e-05; 1.29209e-05; 1.28415e-05; 1.32968e-05; 1.37475e-05; 1.40041e-05; 1.41293e-05; 1.46202e-05; 1.55139e-05; 1.63812e-05; 1.62683e-05; 1.67426e-05; 1.6693e-05; 1.72451e-05; 1.78263e-05; 1.8252e-05; 3.64227e-05; 1.88433e-05; 1.99922e-05; 1.99145e-05; 2.06101e-05; 2.14151e-05; 2.12715e-05; 2.21918e-05; 2.27562e-05; 2.3635e-05; 2.30629e-05; 2.42127e-05; 2.47149e-05; 2.52308e-05; 2.50593e-05; 2.6434e-05; 2.69188e-05; 2.70629e-05; 2.71262e-05; 2.87551e-05; 2.9126e-05; 2.92578e-05; 3.07242e-05; 3.06584e-05; 3.10764e-05; 3.14421e-05; 3.31651e-05; 3.32123e-05; 3.30473e-05; 3.45942e-05; 3.5026e-05; 3.48938e-05; 3.60778e-05; 3.6638e-05; 3.65805e-05; 3.83155e-05; 3.88296e-05; 4.12802e-05; 4.0524e-05; 4.01343e-05; 4.16881e-05; 4.61678e-05; 4.29288e-05; 4.37616e-05; 4.33395e-05; 4.50279e-05; 4.56435e-05; 4.6127e-05; 4.69746e-05; 4.66071e-05; 4.83123e-05; 4.8467e-05; 4.9537e-05; 4.99288e-05; 5.08396e-05; 5.18154e-05; 5.25603e-05; 5.32834e-05; 5.57382e-05; 5.55702e-05; 5.70516e-05; 5.66275e-05; 5.76402e-05; 5.87175e-05; 5.9547e-05; 6.07515e-05; 6.05504e-05; 6.12455e-05; 6.21312e-05; 6.30542e-05; 6.40108e-05; 6.50258e-05; 6.61375e-05];
y_select = [3.8959e-08; 1.30541e-07; 1.87208e-07; 3.9725e-07; 5.1975e-07; 6.55208e-07; 8.45792e-07; 9.24458e-07; 1.058e-06; 1.14825e-06; 1.3045e-06; 1.38021e-06; 1.77583e-06; 1.66867e-06; 1.96162e-06; 2.17508e-06; 2.29771e-06; 2.53425e-06; 2.77075e-06; 3.05858e-06; 3.44833e-06; 3.65912e-06; 3.938e-06; 4.13529e-06; 4.38662e-06; 5.07167e-06; 5.14442e-06; 5.47817e-06; 5.93733e-06; 6.20817e-06; 6.69608e-06; 7.06354e-06; 7.30954e-06; 7.75708e-06; 8.03267e-06; 8.81992e-06; 9.371e-06; 9.58196e-06; 1.02639e-05; 1.0049e-05; 1.03943e-05; 1.0866e-05; 1.13188e-05; 1.17389e-05; 1.25024e-05; 1.298e-05; 1.34984e-05; 1.38998e-05; 1.4395e-05; 1.50927e-05; 1.56741e-05; 1.59543e-05; 1.6394e-05; 1.7031e-05; 1.80931e-05; 1.83748e-05; 1.90035e-05; 1.98729e-05; 2.02075e-05; 2.09089e-05; 2.11558e-05; 2.15959e-05; 2.305e-05; 2.36494e-05; 2.42049e-05; 2.49353e-05; 2.60319e-05; 2.58075e-05; 2.71514e-05; 2.75659e-05; 2.86651e-05; 2.93237e-05; 3.02291e-05; 3.01389e-05; 3.17892e-05; 3.25715e-05; 3.29254e-05; 3.86677e-05; 3.39872e-05; 3.53934e-05; 3.62578e-05; 3.7494e-05; 3.77653e-05; 3.80013e-05; 3.94145e-05; 4.04499e-05; 4.1095e-05; 4.0989e-05; 4.28671e-05; 4.39717e-05; 4.47462e-05; 4.4668e-05; 4.70007e-05; 4.73671e-05; 5.05879e-05; 4.89689e-05; 5.10206e-05; 5.12978e-05; 5.1251e-05; 5.30868e-05; 5.42527e-05; 5.52212e-05; 5.65861e-05; 5.9617e-05; 5.85593e-05; 5.85193e-05; 6.0491e-05; 6.16386e-05; 6.14007e-05; 6.35105e-05; 6.47698e-05; 6.55277e-05; 7.43033e-05; 6.74175e-05; 7.23709e-05; 7.07018e-05; 7.00638e-05; 7.49272e-05; 0.000108714; 7.46613e-05; 7.6003e-05; 7.54955e-05; 7.84852e-05; 8.08632e-05; 8.01786e-05; 8.18813e-05; 8.227e-05; 8.41919e-05; 8.3762e-05; 8.48185e-05; 8.55015e-05; 8.83711e-05; 8.91007e-05; 9.09175e-05; 9.30413e-05; 9.41599e-05; 9.56038e-05; 9.6578e-05; 9.78854e-05; 9.98539e-05; 0.000100713; 0.00010215; 0.000102867; 0.000104106; 0.000103885; 0.000107326; 0.000109562; 0.000110098; 0.000112013; 0.000113535];
