A = [4, 1; 1,3];
a = [6,7]';
x_a = A\a
B = [4, 1, 0; 1, 4, 1; 0, 1, 4];
b = [6, 12, 14]';
x_b = B\b
D = [4, 0, 0, 0, 0;
        0, 2, 0, 0, 0;
        0, 0, 7, 0, 0;
        0, 0, 0, 1, 0;
        0, 0, 0, 0, 5];
d = [4, 2, 7, 1, 5]';
x_d = D\d
E = [5.0];
e = [10.0]';
x_e = E\e

